99 99
67 67
99 49
79 41
40 67
61 259
40 261
48 46
44 263
72 93
34 44
99 50
91 67
268 64
48 48
57 57
50 46
258 256
260 41
67 262
51 46
99 40
34 67
44 272
269 64
280 265
269 265
267 256
41 256
48 49
99 51
56 52
56 51
56 53
56 50
55 50
56 54
55 54
56 49
43 93
55 52
55 51
55 53
257 67
44 276
91 78
55 49
50 41
78 275
57 50
266 272
48 52
48 50
48 54
57 49
57 52
57 51
57 54
34 257
48 53
48 51
49 46
266 276
57 53
301 72
52 46
273 256
99 260
262 78
61 67
49 257
49 50
54 54
53 50
70 41
284 49
51 50
53 52
266 317
273 277
51 52
271 271
283 256
49 52
54 52
54 50
110 49
274 67
270 270
286 256
51 53
278 79
54 53
49 53
320 295
99 110
56 56
50 257
41 67
55 55
79 67
275 78
49 51
54 51
338 267
258 110
34 79
322 258
52 52
44 321
257 49
270 285
50 50
266 321
55 56
40 78
40 330
49 49
362 325
53 53
51 51
48 56
57 56
45 93
49 67
264 56
99 274
264 54
91 110
57 55
40 257
52 50
264 55
78 260
48 55
49 54
51 41
91 79
393 379
83 262
49 299
67 49
41 258
273 323
53 51
345 256
34 264
50 52
282 40
267 110
54 49
384 265
50 67
281 40
50 331
320 50
411 295
48 57
41 78
52 51
304 78
56 55
52 53
264 53
50 51
99 52
50 53
283 277
401 286
262 394
281 274
50 49
108 41
304 67
70 284
395 262
79 257
99 115
282 274
51 54
266 45
51 49
367 279
337 279
47 67
44 317
52 54
260 324
50 299
53 49
53 54
52 49
41 110
303 258
66 114
256 256
278 273
50 54
41 257
50 264
55 57
277 45
389 262
56 264
314 274
78 40
56 57
51 257
301 295
256 49
49 55
110 50
35 78
54 55
374 371
464 425
99 262
344 344
322 40
61 79
372 372
57 48
108 284
111 49
51 55
436 263
49 56
53 46
54 56
57 264
367 300
110 110
52 55
354 49
53 55
337 300
267 277
303 397
57 279
34 299
278 361
277 78
52 56
78 49
